65
128
19
102
44
155
36
80
180
23
120
94
3
153
152
167
8
35
71
141
54
133
95
185
173
50
97
100
98
129
151
70
188
17
9
190
5
52
160
38
106
130
200
103
14
192
1
143
150
144
176
90
68
22
164
87
78
157
64
111
148
86
191
124
115
85
174
112
186
57
125
149
96
131
43
27
45
158
197
168
39
179
13
46
136
37
193
113
122
88
76
194
62
187
7
6
29
177
146
104
72
162
142
60
138
16
81
28
74
55
178
198
123
161
21
109
26
132
79
33
163
183
175
189
154
89
171
170
53
10
58
135
82
84
184
61
73
182
83
110
15
92
165
59
51
99
11
137
48
105
195
77
47
2
172
4
181
169
126
156
147
20
159
41
199
63
118
117
42
40
49
139
32
116
12
119
67
91
134
31
166
30
121
56
196
69
34
114
101
127
66
145
93
107
25
18
75
108
140
24
